cbar
0.641024492832198
0.726253963449447
0.824404517297847
0.933241016800268
1.05191399739588
1.18041442512251
1.31928623208466
1.46945090536391
1.63209542543866
1.8086032114995
2.00051651988982
2.20952229070275
2.43745555997992
2.68631604035868
2.95829446076047
3.25580587297756
3.58152757558714
3.93843976273081
4.32986757485907
4.75952388734329
5.23155283658736
5.75057462665792
6.32173253323195
6.95074319710618
7.64395134813788
8.40839005017409
9.25184750107556
10.1829413801588
11.2112017206104
12.3471633206804
13.6024687675833
14.9899832316024
16.523922286494
18.2199941334997
20.0955577105848
22.1697983487932
24.463922749305
27.0013752762321
29.8080777602577
32.9126952274792
36.3469302634242
40.1458489998249
44.3482420597331
48.997024173486
54.1396765598949
59.8287366667573
66.1223403212577
73.0848219392836
80.7873790047118
89.3088077772556
98.7363178521045
109.166434076933
120.705995300752
133.473260239484
147.599132221619
163.228515383886
180.521816699451
199.656609437336
220.829475466235
244.258045682285
270.18325974959
298.871868268235
330.619201548107
365.752226667706
404.632898525432
447.661745605241
495.281389837174
547.978826313225
606.282151553445
670.73620170361
741.801524894112
819.479650143329
901.982255705354
981.255272270188
1030.07707370142
