cbar
0.639779113237569
0.727235504477183
0.825983875039659
0.934492340892641
1.05206864529629
1.17862136500019
1.31448022748153
1.46025432656293
1.61672661137325
1.78478310597873
1.96537174061054
2.15948268618462
2.36814067754526
2.5924002695286
2.83333710452349
3.09203134962723
3.36954248989111
3.6668768969567
3.98495078459411
4.32455151512512
4.68630009530586
5.07061739868927
5.47769634834252
5.90748200957051
6.35966123236051
6.83366309809394
7.32867090074051
7.84364575142881
8.37736113790397
8.92844699431502
9.4954410845692
10.0768449144051
10.6711809913384
11.2770481341173
11.8931717145318
12.5184461566663
13.1519676906207
13.793056166599
14.4412655812054
15.0963837730463
15.7584224227851
16.4275989733098
17.1043123913161
17.7891147553249
18.4826805947249
19.1857756670989
19.89922656001
20.6238921669737
21.3606377365474
22.1103118747444
22.8737266369771
23.651640600868
24.4447446957534
25.2536504515673
26.0788802854517
26.9208594322972
27.7799091520537
28.65624087572
29.5499510076306
30.4610161573928
31.3892886312973
32.3344920595636
33.2962170485762
34.2739166520284
35.2669010057903
36.2743288457135
37.2951880688227
38.3282387730521
39.3718294194301
40.4232866411978
41.4768776710384
42.5170134705246
43.4957264052927
44.2595865708971
44.328105416532
